"Amyotrophic lateral sclerosis" "Chronic myeloid leukemia" "Coronavirus disease - COVID-19" "Huntington disease" "Rap1 signaling pathway" "log2FoldChange"
"IL6ST" 0 0 1 0 0 4.73804677686549
"DNAL1" 1 0 0 1 0 4.23934152754305
"PIK3R3" 0 1 1 0 1 2.86622997666303
"KIF5A" 1 0 0 1 0 2.65281294075004
"CDK6" 0 1 0 0 0 2.54269645484717
"DNAH14" 1 0 0 1 0 2.31995383639932
"TANK" 1 0 0 0 0 2.27739344749426
"TLR3" 0 0 1 0 0 2.25742102678897
"ERBB4" 1 0 0 0 0 2.21537564484186
"LPAR1" 0 0 0 0 1 2.20505172657404
"C9orf72" 1 0 0 0 0 2.18512828460168
"RAPGEF4" 0 0 0 0 1 2.16860234730295
"FGF7" 0 0 0 0 1 2.08007420836522
"GRIA2" 1 0 0 1 0 1.91446585261613
"RB1" 0 1 0 0 0 1.83773348386954
"GNAI1" 0 0 0 0 1 1.81411795346308
"BRAF" 0 1 0 0 1 1.77637931286863
"TLR4" 0 0 1 0 0 1.7557156708706
"FGF2" 0 0 0 0 1 1.74954458096756
"RB1CC1" 1 0 0 1 0 1.74724032048863
"DNAH5" 1 0 0 1 0 1.65461375395106
"KIF5B" 1 0 0 1 0 1.63577221280267
"KIF5C" 1 0 0 1 0 1.63337600639598
"CHUK" 0 1 1 0 0 1.60614236044479
"TPR" 1 0 0 0 0 1.5789783535073
"SLC1A2" 1 0 0 1 0 1.57595727902584
"MAP3K7" 0 0 1 0 0 1.5700470674245
"ITPR1" 0 0 0 1 0 1.56966361953562
"SMAD3" 0 1 0 0 0 1.54430644962764
"KRIT1" 0 0 0 0 1 1.53824823418247
"NOS1" 1 0 0 0 0 1.52916329829309
"RAPGEF2" 0 0 0 0 1 1.52876317811535
"MDM2" 0 1 0 0 0 1.47932291362595
"CREB1" 0 0 0 1 0 1.4746724083312
"PARD6B" 0 0 0 0 1 1.45551282075397
"SHC3" 0 1 0 0 0 1.41490466374105
"ANGPT2" 0 0 0 0 1 1.41342703501002
"IRAK4" 0 0 1 0 0 1.41241494538076
"PIK3CA" 0 1 1 0 1 1.40488366873067
"DNAH9" 1 0 0 1 0 1.39871406284719
"ALS2" 1 0 0 0 0 1.39213421170045
"KRAS" 0 1 0 0 1 1.37154401997415
"RAB39B" 1 0 0 0 0 1.36854943781584
"ADCY6" 0 0 0 0 1 1.36162284392866
"BCL2" 1 0 0 0 0 1.3556237472145
"SLC1A3" 0 0 0 1 0 1.35541518160183
"THBS1" 0 0 0 0 1 1.35359219859293
"SOS1" 0 1 0 0 0 1.32279570243304
"SOS2" 0 1 0 0 0 1.32135710617759
"RAPGEF6" 0 0 0 0 1 1.3109327290697
"PIK3C3" 1 0 0 1 0 1.30026270693858
"CDH1" 0 0 0 0 1 1.26610998751952
"ANGPT1" 0 0 0 0 1 1.26577383945476
"NUP153" 1 0 0 0 0 1.260147221179
"TEK" 0 0 0 0 1 1.24809343563819
"CRK" 0 1 0 0 1 1.23873254527117
"IL12A" 0 0 1 0 0 1.23526261776163
"HGF" 0 0 0 0 1 1.16017685914468
"VEGFA" 0 0 0 0 1 1.15136851315392
"EIF2AK2" 0 0 1 0 0 1.15065257928036
"MATR3" 1 0 0 0 0 1.14111639419527
"F2R" 0 0 0 0 1 1.13635953319829
"MAP2K6" 1 0 0 0 1 1.13562399221369
"NUP54" 1 0 0 0 0 1.13528275565074
"PIK3R1" 0 1 1 0 1 1.13006833439111
"NXT2" 1 0 0 0 0 1.12639849661575
"PIK3CB" 0 1 1 0 1 1.12194564269917
"BDNF" 0 0 0 1 0 1.11843713342837
"VAV3" 0 0 0 0 1 1.11775615155789
"ATF6" 1 0 0 0 0 1.10540172312028
"RAB5A" 1 0 0 0 0 1.08232669890962
"TFAM" 0 0 0 1 0 1.07838102063648
"TAF4B" 0 0 0 1 0 1.06973333748902
"NUP155" 1 0 0 0 0 1.0657994535633
"MMP3" 0 0 1 0 0 1.05858840318526
"RAP1A" 0 0 0 0 1 1.05532443241455
"CLTCL1" 0 0 0 1 0 1.03743042516945
"PTPN11" 0 1 0 0 0 1.02489880721967
"P2RY1" 0 0 0 0 1 1.0201487347896
"KDR" 0 0 0 0 1 1.01861806956356
"CREB5" 0 0 0 1 0 0.827854504351256
"TUBA1B" 1 0 0 1 0 -0.707233556979451
"TUBA4A" 1 0 0 1 0 -1.00003342518282
"PSMC4" 1 0 0 1 0 -1.00049786752346
"PSMD4" 1 0 0 1 0 -1.00254768232506
"CCS" 1 0 0 0 0 -1.00479902469258
"POLR2I" 0 0 0 1 0 -1.00731301007292
"MAP2K3" 1 0 0 0 1 -1.00997051766601
"RPL6" 0 0 1 0 0 -1.03793273992954
"CSF1R" 0 0 0 0 1 -1.04092198929669
"POLR2G" 0 0 0 1 0 -1.04165862897818
"PSMB5" 1 0 0 1 0 -1.04431137796311
"RPS12" 0 0 1 0 0 -1.04741297733559
"RPL11" 0 0 1 0 0 -1.04782215292473
"F2" 0 0 1 0 0 -1.0543402221974
"MAP1LC3B" 1 0 0 0 0 -1.05707613451209
"RAC3" 0 0 0 0 1 -1.06253466553178
"PGF" 0 0 0 0 1 -1.06400996149637
"PSMB1" 1 0 0 1 0 -1.06934383759571
"PSMB6" 1 0 0 1 0 -1.07511085449265
"NXT1" 1 0 0 0 0 -1.08506097677131
"ACTG1" 1 0 0 0 1 -1.08579346131446
"COX5A" 1 0 0 1 0 -1.08891600808394
"TNFRSF1B" 1 0 0 0 0 -1.091842364771
"NDUFA2" 1 0 0 1 0 -1.09285299287779
"NDUFS3" 1 0 0 1 0 -1.09533567667807
"NDUFC1" 1 0 0 1 0 -1.09570556623855
"PSMD8" 1 0 0 1 0 -1.10143650748667
"COX7A2L" 1 0 0 1 0 -1.10284882137096
"E2F1" 0 1 0 0 0 -1.11261224797535
"RPL37A" 0 0 1 0 0 -1.11403015964273
"IRAK1" 0 0 1 0 0 -1.121290595386
"RPL38" 0 0 1 0 0 -1.12352117185203
"SDHB" 1 0 0 1 0 -1.1258993484821
"RAB8A" 1 0 0 0 0 -1.13039988878273
"STING1" 0 0 1 0 0 -1.13547579840442
"C5AR1" 0 0 1 0 0 -1.13940894090176
"RPL4" 0 0 1 0 0 -1.14202476737729
"BCL2L1" 1 1 0 0 0 -1.14231354422573
"POLR2L" 0 0 0 1 0 -1.14891321473328
"CHCHD10" 1 0 0 0 0 -1.15681653788937
"COX5B" 1 0 0 1 0 -1.16084617076636
"RPL12" 0 0 1 0 0 -1.17255783988133
"STAT5A" 0 1 0 0 0 -1.17574326734601
"ATG101" 1 0 0 1 0 -1.18165769030143
"RSL24D1" 0 0 1 0 0 -1.18405405061559
"CLTA" 0 0 0 1 0 -1.19063829713535
"RPS8" 0 0 1 0 0 -1.19375383013639
"RPS13" 0 0 1 0 0 -1.19450577995284
"UQCR11" 1 0 0 1 0 -1.20451802941563
"UQCRQ" 1 0 0 1 0 -1.21732307416111
"TGFB1" 0 1 0 0 0 -1.22493730570756
"NDUFA12" 1 0 0 1 0 -1.22861067927661
"CFB" 0 0 1 0 0 -1.24374141192659
"PSMC3" 1 0 0 1 0 -1.25998090682749
"CFD" 0 0 1 0 0 -1.27162052383944
"RPL23" 0 0 1 0 0 -1.27978843668939
"RPL37" 0 0 1 0 0 -1.27996482415278
"RPS7" 0 0 1 0 0 -1.28638658854491
"NDUFA4L2" 1 0 0 1 0 -1.29389918536862
"APBB1IP" 0 0 0 0 1 -1.30296273820353
"RPS15A" 0 0 1 0 0 -1.31021075726414
"COX6A2" 1 0 0 1 0 -1.31214842836552
"RPL26" 0 0 1 0 0 -1.33523063643928
"RPL7A" 0 0 1 0 0 -1.35460379416924
"RPS11" 0 0 1 0 0 -1.37739089685548
"NDUFB11" 1 0 0 1 0 -1.3780215046433
"UQCRC1" 1 0 0 1 0 -1.38017610659354
"PSMA7" 1 0 0 1 0 -1.39268909189384
"GADD45B" 0 1 0 0 0 -1.39496100401932
"NDUFA13" 1 0 0 1 0 -1.40481611400532
"DNAH17" 1 0 0 1 0 -1.42409893685033
"COX8A" 1 0 0 1 0 -1.43295773522433
"TUBB4A" 1 0 0 1 0 -1.4362300220636
"CLTB" 0 0 0 1 0 -1.45199356209524
"RPL32" 0 0 1 0 0 -1.45712418465713
"BAX" 1 1 0 1 0 -1.46139722108565
"POLR2F" 0 0 0 1 0 -1.46206149408598
"COX7C" 1 0 0 1 0 -1.46548896183873
"NDUFV1" 1 0 0 1 0 -1.47091913810926
"POLR2E" 0 0 0 1 0 -1.49573213883589
"RPS14" 0 0 1 0 0 -1.4991237542966
"PFN1" 1 0 0 0 1 -1.52819890563844
"RPS17" 0 0 1 0 0 -1.53049707893393
"VEGFB" 0 0 0 0 1 -1.53319941957816
"NDUFS7" 1 0 0 1 0 -1.56091126183384
"LPAR2" 0 0 0 0 1 -1.57269933632431
"COX6A1" 1 0 0 1 0 -1.57621438182681
"RPL10A" 0 0 1 0 0 -1.57739673427194
"MAP2K2" 0 1 0 0 1 -1.58264232077423
"NDUFS8" 1 0 0 1 0 -1.58366931126013
"AP2S1" 0 0 0 1 0 -1.62691564337595
"RPS20" 0 0 1 0 0 -1.63670627381457
"UBA52" 0 0 1 0 0 -1.64064962907919
"RPS18" 0 0 1 0 0 -1.65398795672102
"RRAS" 0 0 0 0 1 -1.66258779322643
"RPL36" 0 0 1 0 0 -1.66393442490222
"RPL13" 0 0 1 0 0 -1.67279123465059
"RPS21" 0 0 1 0 0 -1.67388893088905
"OAS3" 0 0 1 0 0 -1.67776550356288
"TUBB" 1 0 0 1 0 -1.67947774024904
"RPSA" 0 0 1 0 0 -1.69544502754094
"ATP5F1D" 1 0 0 1 0 -1.69616672848878
"RPL34" 0 0 1 0 0 -1.71752455241416
"COX4I1" 1 0 0 1 0 -1.73992001300262
"C2" 0 0 1 0 0 -1.74664440654762
"RPL19" 0 0 1 0 0 -1.77282372633507
"RPL35" 0 0 1 0 0 -1.79869874423725
"RPLP1" 0 0 1 0 0 -1.81535837520531
"RPS5" 0 0 1 0 0 -1.8266860391387
"ATP5MC1" 1 0 0 1 0 -1.86632959367341
"RPLP2" 0 0 1 0 0 -1.87536880568075
"RPS9" 0 0 1 0 0 -1.8790484102237
"RAC2" 0 0 0 0 1 -1.91841696444332
"RPS15" 0 0 1 0 0 -1.92296422698328
"NDUFB7" 1 0 0 1 0 -1.95124718501751
"RPL28" 0 0 1 0 0 -1.99195149690974
"KLC3" 1 0 0 1 0 -2.09703181568359
"C1QB" 0 0 1 0 0 -2.12677441596234
"OAS1" 0 0 1 0 0 -2.20657335850249
"C1QA" 0 0 1 0 0 -2.24382616506582
"SKAP1" 0 0 0 0 1 -2.28278835986003
"ISG15" 0 0 1 0 0 -2.46242307406139
